          1.00       2005.00          2.00          4.00          4.00         11.00          0.14
          1.00       2005.00          3.00         26.00          7.00         34.00         39.94
          1.00       2005.00          6.00          7.00         10.00         50.00          4.07
          1.00       2009.00          6.00         29.00         21.00         23.00          3.57
          1.00       2005.00          9.00         26.00          2.00         57.00          7.54
          1.00       2005.00         10.00         24.00         19.00         48.00          2.84
          1.00       2005.00         10.00         31.00          7.00         27.00         23.72
          1.00       2005.00         11.00         10.00         13.00         13.00         53.87
          1.00       2005.00         11.00         18.00          6.00         54.00         26.32
          1.00       2005.00         11.00         30.00          1.00         13.00          0.02
          1.00       2005.00         12.00         25.00          7.00         19.00          8.36
          1.00       2006.00          1.00          3.00         17.00         49.00         10.62
          1.00       2006.00          2.00          7.00          3.00         32.00         42.80
          1.00       2006.00          2.00         16.00         18.00         51.00         18.94
          1.00       2006.00          3.00         14.00          7.00         56.00         11.91
          1.00       2006.00          4.00          2.00          4.00         45.00         47.97
          1.00       2006.00          4.00         11.00             0         21.00         38.51
          1.00       2006.00          4.00         27.00         17.00         49.00         19.95
          1.00       2006.00          5.00         19.00         19.00         12.00         26.94
          1.00       2006.00          6.00         11.00         16.00         15.00         59.73
          1.00       2006.00          6.00         21.00         22.00         12.00         38.34
          1.00       2006.00          8.00          8.00          5.00         38.00         45.41
          1.00       2006.00          8.00         14.00         18.00         23.00         38.38
          1.00       2006.00          9.00         18.00          6.00         40.00         48.99
          1.00       2006.00          9.00         27.00          8.00             0         16.43
          1.00       2006.00         10.00          7.00         15.00          7.00         40.68
          1.00       2006.00         10.00         15.00          2.00         17.00         45.69
          1.00       2006.00         10.00         31.00             0         45.00         11.38
          1.00       2006.00         11.00          6.00         23.00         13.00         56.08
          1.00       2006.00         11.00         14.00         14.00         37.00         55.07
          1.00       2006.00         12.00          7.00         15.00         51.00         19.46
          1.00       2006.00         12.00         25.00          1.00         40.00         26.23
          1.00       2007.00          1.00          3.00         20.00         42.00         17.79
          1.00       2007.00          2.00          9.00          2.00         14.00         12.57
          1.00       2007.00          2.00         19.00          1.00         34.00         40.36
          1.00       2007.00          2.00         27.00         20.00         26.00          1.52
          1.00       2007.00          3.00         10.00         19.00         11.00          8.52
          1.00       2007.00          3.00         17.00          6.00         12.00         51.88
          1.00       2007.00          3.00         25.00         19.00         40.00         52.42
          1.00       2007.00          4.00          4.00          7.00         19.00         49.85
          1.00       2007.00          4.00         13.00         20.00         56.00          8.60
          1.00       2007.00          5.00          6.00         21.00         39.00         51.44
          1.00       2007.00          5.00         14.00         15.00         21.00         12.06
          1.00       2007.00          6.00          1.00          4.00         45.00         59.29
          1.00       2007.00          6.00          9.00         15.00         32.00         50.71
          1.00       2007.00          6.00         21.00         18.00         33.00         13.79
          1.00       2007.00          9.00         16.00         19.00         50.00         57.64
          1.00       2007.00          9.00         27.00          1.00         33.00          2.09
          1.00       2007.00         11.00          6.00         13.00         17.00         36.25
          1.00       2007.00         11.00         14.00         18.00         54.00         56.01
          1.00       2007.00         12.00         19.00         21.00         36.00          4.45
          1.00       2008.00          1.00          1.00         20.00         44.00         57.20
          1.00       2008.00          2.00          7.00          2.00         49.00         22.35
          1.00       2008.00          2.00         17.00          6.00         18.00         27.57
          1.00       2008.00          3.00         15.00          7.00          3.00         29.98
          1.00       2008.00          3.00         24.00         17.00         34.00         50.23
          1.00       2008.00          4.00          2.00          5.00         54.00         57.65
          1.00       2008.00          4.00         10.00         19.00         12.00         36.85
          1.00       2008.00          4.00         21.00          8.00         28.00         47.15
          1.00       2008.00          4.00         29.00         20.00         36.00          0.15
          1.00       2008.00          5.00         23.00         10.00         35.00         41.37
          1.00       2008.00          6.00         17.00         10.00         54.00         56.55
          1.00       2008.00          6.00         26.00         21.00          4.00         12.80
          1.00       2008.00          7.00         15.00         20.00         55.00         38.01
          1.00       2008.00          8.00          7.00          7.00         57.00          4.01
          1.00       2008.00          9.00          7.00         12.00          4.00         21.10
          1.00       2008.00          9.00         26.00          7.00         25.00         22.31
          1.00       2008.00         10.00         17.00         14.00         56.00         48.55
          1.00       2008.00         10.00         25.00         21.00         49.00         14.04
          1.00       2009.00          2.00          4.00          8.00         53.00         34.13
          1.00       2009.00          2.00         13.00         22.00         27.00         45.39
          1.00       2009.00          3.00         14.00         20.00          3.00         51.53
          1.00       2009.00          4.00         23.00         18.00         58.00         42.34
          1.00       2009.00          6.00         17.00         16.00         34.00         44.45
          1.00       2009.00          9.00         21.00             0         14.00          1.51
          1.00       2009.00         10.00         25.00         12.00         11.00          2.83
          1.00       2009.00         11.00         25.00         19.00         48.00         12.78
          1.00       2009.00         12.00         20.00          7.00          8.00         36.01
          1.00       2010.00          2.00          5.00          2.00         47.00         52.78
          1.00       2010.00          2.00         15.00         21.00         12.00          4.75
          1.00       2010.00          3.00         23.00          7.00         42.00          9.31
          1.00       2010.00          4.00         13.00          7.00         39.00         59.56
          1.00       2010.00          4.00         27.00         10.00          1.00         45.66
          1.00       2010.00          5.00          6.00         21.00          8.00         44.99
          1.00       2010.00          6.00          6.00         15.00         24.00         13.93
          1.00       2010.00          9.00         29.00          8.00          9.00         11.20
          1.00       2010.00         10.00          8.00         13.00         46.00         18.78
          1.00       2010.00         10.00         18.00          6.00         22.00         27.46
          1.00       2010.00         11.00          2.00         16.00         23.00         55.17
          1.00       2010.00         11.00         15.00          6.00         40.00          2.15
          1.00       2010.00         11.00         27.00         20.00         25.00         55.63
          1.00       2010.00         12.00         18.00         16.00         55.00         38.50
          1.00       2011.00          1.00          4.00          7.00         27.00         49.97
          1.00       2011.00          2.00          7.00          1.00          6.00         53.62
          1.00       2011.00          2.00         16.00         18.00          9.00          5.77
          1.00       2011.00          3.00         11.00         13.00         11.00          2.86
          1.00       2011.00          3.00         25.00         15.00         53.00         50.37
          1.00       2011.00          4.00          6.00          2.00         47.00         24.96
          1.00       2011.00          4.00         15.00         18.00         17.00          4.66
          1.00       2011.00          4.00         25.00             0         14.00          9.74
          1.00       2011.00          5.00          7.00          1.00         23.00         20.26
          1.00       2011.00          6.00          9.00          2.00         43.00         29.38
          1.00       2011.00          8.00          4.00          1.00         41.00         38.75
          1.00       2011.00          9.00         16.00          1.00         35.00         12.48
          1.00       2011.00          9.00         29.00          4.00         58.00         35.49
          1.00       2011.00         10.00          9.00         14.00         29.00         41.58
          1.00       2011.00         10.00         22.00         14.00         44.00         37.65
          1.00       2011.00         11.00          4.00         15.00         57.00         56.91
          1.00       2011.00         11.00         29.00         15.00         16.00         32.93
          1.00       2011.00         12.00         16.00         23.00          9.00         11.83
          1.00       2011.00         12.00         31.00         19.00         26.00          0.15
          1.00       2012.00          2.00          4.00          8.00         51.00         24.92
          1.00       2012.00          2.00         14.00         15.00         32.00         12.17
          1.00       2012.00          3.00          8.00         23.00         39.00         45.93
          1.00       2012.00          3.00         31.00         21.00         49.00         44.00
          1.00       2012.00          4.00         10.00         17.00         19.00         20.94
          1.00       2012.00          4.00         25.00         23.00          8.00         11.11
          1.00       2012.00          5.00          4.00         22.00         52.00          5.41
          1.00       2012.00          5.00         28.00         21.00          9.00         36.48
          1.00       2012.00          6.00          9.00          8.00         24.00         50.19
          1.00       2012.00          6.00         23.00         15.00         35.00         25.21
          1.00       2012.00         10.00         12.00         21.00          1.00         12.98
          1.00       2012.00         10.00         27.00         22.00         57.00         14.63
          1.00       2012.00         11.00          6.00         19.00         49.00          1.10
          1.00       2012.00         11.00         20.00         22.00         57.00         13.67
          1.00       2012.00         11.00         30.00         16.00         57.00          7.72
          1.00       2012.00         12.00          5.00          5.00         26.00         36.62
          1.00       2012.00         12.00         22.00          2.00         37.00         30.34
          1.00       2013.00          1.00          1.00         15.00         35.00         19.31
          1.00       2013.00          2.00          5.00          5.00         56.00         10.94
          1.00       2013.00          2.00         14.00         19.00         49.00         52.64
          1.00       2013.00          2.00         28.00         19.00         56.00         48.24
          1.00       2013.00          3.00         12.00         21.00          5.00         20.60
          1.00       2013.00          4.00          5.00          5.00         29.00         54.62
          1.00       2013.00          4.00         14.00         17.00          2.00         48.40
          1.00       2013.00          5.00          4.00          5.00          1.00         40.68
          1.00       2013.00          5.00         13.00         18.00             0         49.65
          1.00       2013.00          5.00         23.00          3.00          2.00         55.69
          1.00       2013.00          6.00          3.00          4.00         23.00         34.80
          1.00       2013.00          9.00         16.00          3.00         19.00         30.59
          1.00       2013.00          9.00         24.00         13.00         34.00         27.42
          1.00       2013.00         10.00          7.00          1.00         26.00         52.81
          1.00       2013.00         10.00         20.00         12.00          3.00         17.74
          1.00       2013.00         10.00         30.00          4.00         44.00         11.78
          1.00       2013.00         11.00         13.00         11.00          4.00         30.64
          1.00       2013.00         11.00         25.00          4.00         52.00          7.43
          1.00       2013.00         12.00         17.00         23.00         54.00         17.23
          1.00       2014.00          1.00          3.00          1.00         43.00         12.91
          1.00       2014.00          3.00         14.00         13.00         30.00         29.37
          1.00       2014.00          3.00         23.00         20.00         42.00         48.81
          1.00       2014.00          4.00          2.00          2.00         59.00         27.67
          1.00       2014.00          4.00         10.00          1.00         18.00          8.94
          1.00       2014.00          5.00         17.00          3.00         52.00          6.55
          1.00       2014.00          6.00         25.00          7.00         57.00         11.58
          1.00       2014.00          8.00         19.00         10.00         54.00         36.95
          1.00       2014.00          9.00         15.00         19.00         25.00         37.86
          1.00       2014.00          9.00         25.00          4.00         54.00         51.33
          1.00       2014.00         10.00         19.00          4.00         38.00         24.38
          1.00       2014.00         10.00         30.00          5.00          3.00         24.08
          1.00       2014.00         11.00         20.00          8.00         21.00          9.32
          1.00       2014.00         11.00         30.00          2.00         23.00         26.27
          1.00       2014.00         12.00         19.00          3.00         38.00         56.59
          1.00       2014.00         12.00         31.00         23.00         12.00         51.60
          1.00       2015.00          2.00          5.00         13.00         14.00         16.45
          1.00       2015.00          2.00         16.00          4.00         39.00         30.47
          1.00       2015.00          3.00         14.00          9.00         53.00          0.27
          1.00       2015.00          3.00         22.00         22.00         28.00         50.99
          1.00       2015.00          4.00          2.00          2.00         46.00         31.34
          1.00       2015.00          4.00         10.00          4.00         14.00         47.66
          1.00       2015.00          5.00          9.00          8.00         10.00         23.55
          1.00       2015.00          5.00         17.00         17.00         46.00         52.07
          1.00       2015.00          6.00         15.00         16.00         21.00         10.10
          1.00       2015.00         10.00          5.00          1.00         14.00         10.40
          1.00       2015.00         10.00         15.00         19.00         22.00         52.01
          1.00       2015.00         10.00         25.00          3.00         28.00         58.81
          1.00       2015.00         11.00         22.00          2.00         22.00         56.64
          1.00       2015.00         12.00         26.00          5.00         35.00         45.32
          1.00       2016.00          1.00          6.00          4.00         46.00         56.37
          1.00       2016.00          2.00         15.00          3.00         21.00         24.11
          1.00       2016.00          3.00         20.00         12.00          9.00         16.48
          1.00       2016.00          3.00         31.00         17.00          4.00          3.84
          1.00       2016.00          4.00         11.00          1.00          5.00         25.80
          1.00       2016.00          4.00         19.00         20.00         44.00         37.26
          1.00       2016.00          5.00         14.00          7.00         18.00         33.85
          1.00       2016.00          6.00         19.00         12.00          7.00         12.79
          1.00       2016.00          8.00          2.00         20.00         14.00         13.96
          1.00       2016.00         10.00          7.00         19.00          1.00         23.87
          1.00       2016.00         10.00         16.00          5.00         11.00         49.66
          1.00       2016.00         10.00         24.00         22.00         36.00          0.73
          1.00       2016.00         11.00          3.00          5.00         43.00          5.70
          1.00       2016.00         11.00         12.00             0         32.00         34.19
          1.00       2016.00         11.00         27.00          5.00         10.00          9.69
          1.00       2016.00         12.00          5.00         19.00         29.00          1.04
          1.00       2017.00          1.00          1.00         21.00         34.00         15.18
          1.00       2017.00          2.00          8.00          1.00         31.00         33.34
          1.00       2017.00          2.00         16.00         17.00         40.00         28.74
          1.00       2017.00          3.00         18.00         16.00         17.00         46.51
          1.00       2017.00          3.00         27.00         21.00         50.00         12.53
          1.00       2017.00          4.00          7.00          1.00         22.00         21.20
          1.00       2017.00          4.00         15.00         19.00             0         52.02
          1.00       2017.00          5.00         26.00          1.00         35.00         49.33
          1.00       2017.00          7.00         15.00          2.00         43.00         39.17
          1.00       2017.00          8.00          6.00          6.00          5.00         37.64
          1.00       2017.00          8.00         14.00          5.00         16.00         57.55
          1.00       2017.00          8.00         31.00          6.00         50.00          8.48
          1.00       2017.00         10.00          4.00         16.00         55.00         33.94
          1.00       2017.00         10.00         14.00         13.00          9.00         42.70
          1.00       2017.00         11.00          2.00          2.00         29.00         39.84
          1.00       2017.00         11.00         16.00         16.00         28.00         18.97
          1.00       2017.00         11.00         27.00          2.00         24.00         14.44
          1.00       2017.00         12.00         18.00          1.00         35.00         20.57
          1.00       2018.00          1.00          1.00         17.00         21.00          8.92
          1.00       2018.00          2.00         10.00             0         39.00         10.05
          1.00       2018.00          2.00         18.00         16.00         57.00         32.02
          1.00       2018.00          3.00         18.00         15.00          6.00         16.15
          1.00       2018.00          4.00          7.00          3.00             0         41.01
          1.00       2018.00          5.00         11.00         15.00          9.00          7.12
          1.00       2018.00          5.00         21.00         18.00         49.00         52.51
          1.00       2018.00          6.00         17.00          5.00             0         59.10
          1.00       2018.00         10.00          4.00         19.00         18.00         18.38
          1.00       2018.00         10.00         15.00          1.00         32.00         24.86
          1.00       2018.00         10.00         23.00         18.00          7.00          8.07
          1.00       2018.00         10.00         31.00         21.00          9.00         20.85
          1.00       2018.00         11.00          9.00         18.00          6.00         55.83
          1.00       2018.00         11.00         30.00             0         36.00          8.07
          1.00       2019.00          1.00          1.00         21.00          4.00         24.76
          1.00       2019.00          2.00         10.00             0         27.00         52.51
          1.00       2019.00          2.00         18.00         22.00         50.00         46.64
          1.00       2019.00          3.00         17.00         21.00         18.00          9.90
          1.00       2019.00          3.00         27.00         23.00         38.00         58.53
          1.00       2019.00          4.00          7.00         18.00         47.00         13.22
          1.00       2019.00          4.00         16.00         21.00         54.00         58.14
          1.00       2019.00          5.00         25.00         23.00         18.00         41.24
          1.00       2019.00         10.00         15.00          6.00         19.00          9.22
          1.00       2019.00         10.00         23.00         18.00         48.00         26.73
          1.00       2019.00         11.00          1.00         12.00         46.00         34.06
          1.00       2019.00         11.00         23.00         13.00         11.00         24.01
          1.00       2019.00         12.00          4.00         20.00         48.00          4.97
          1.00       2019.00         12.00         17.00         17.00         31.00         12.74
          2.00       2006.00          5.00          5.00          8.00         22.00         30.65
          2.00       2006.00          6.00         30.00          8.00         41.00         45.71
          2.00       2006.00         11.00         29.00          2.00         36.00         40.02
          2.00       2006.00         12.00         20.00         15.00         19.00         30.58
          2.00       2008.00          7.00          6.00          9.00          7.00          2.35
          2.00       2008.00          9.00         16.00         16.00          5.00         29.41
          2.00       2009.00          3.00         25.00         11.00         48.00         18.89
          3.00       2005.00          9.00         18.00         18.00         32.00         31.47
          3.00       2006.00          4.00         18.00         10.00         26.00         10.81
          3.00       2007.00         11.00         24.00         14.00         49.00         58.38
          3.00       2008.00          5.00         31.00          8.00         28.00         18.96
          3.00       2009.00         10.00         15.00         22.00         14.00         27.87
          3.00       2010.00          9.00         15.00         22.00         25.00         36.62
          3.00       2011.00         12.00          7.00         20.00         49.00         10.18
          3.00       2012.00          3.00         20.00          2.00         33.00         21.93
          3.00       2012.00         10.00          1.00             0         45.00         45.55
          3.00       2014.00          2.00          6.00          2.00         11.00          1.58
          3.00       2014.00          2.00         15.00         20.00         31.00         48.13
          3.00       2015.00          6.00         28.00         12.00          9.00         34.12
          3.00       2015.00         11.00         10.00         18.00         52.00          8.03
          3.00       2016.00          2.00         24.00          5.00         39.00         17.53
          3.00       2016.00          5.00         24.00          1.00         33.00         34.13
          3.00       2016.00         12.00         17.00         13.00         41.00         41.26
          3.00       2017.00         10.00         23.00         14.00          1.00         16.97
          3.00       2017.00         12.00         11.00         23.00         39.00          0.63
          3.00       2018.00         12.00          9.00         16.00         31.00          1.90
          3.00       2018.00         12.00         17.00         21.00         11.00          8.91
          4.00       2005.00          4.00         13.00          4.00         46.00         41.37
          4.00       2009.00          1.00          2.00          9.00         32.00          1.06
          4.00       2012.00         12.00         13.00         11.00          9.00         50.14
          4.00       2013.00          7.00          4.00          7.00         54.00         17.50
          4.00       2018.00          4.00         15.00         22.00         37.00         20.16
          5.00       2004.00         11.00         16.00          6.00         21.00         52.33
          5.00       2004.00         11.00         30.00          5.00         22.00         42.73
          5.00       2004.00         12.00         20.00         11.00         59.00         55.34
          5.00       2005.00          1.00          1.00          5.00         47.00         56.69
          5.00       2005.00          2.00         14.00         15.00         59.00         11.76
          5.00       2005.00          3.00          9.00         19.00         12.00         22.06
          5.00       2005.00          3.00         17.00         23.00          6.00         38.20
          5.00       2005.00          4.00          4.00         19.00         20.00         43.85
          5.00       2005.00          4.00         23.00         12.00         29.00         37.65
          5.00       2005.00          5.00         20.00         19.00         54.00         38.00
          5.00       2005.00          6.00         26.00         20.00         35.00          0.22
          5.00       2006.00         12.00         12.00          9.00         45.00         27.40
          5.00       2007.00         10.00          9.00         23.00         11.00         17.00
          5.00       2007.00         10.00         16.00         14.00         42.00          7.00
          5.00       2008.00          8.00         16.00         15.00          2.00          2.94
          5.00       2009.00          4.00          8.00          3.00         50.00         22.00
          5.00       2009.00          6.00          9.00          6.00         41.00         53.74
          5.00       2009.00         10.00          6.00         19.00         16.00         44.60
          5.00       2010.00          1.00          2.00          8.00         17.00         29.55
          5.00       2011.00          8.00         13.00         15.00         19.00         24.87
          5.00       2012.00          9.00         21.00          1.00         24.00          6.85
          5.00       2014.00         10.00          8.00          9.00         10.00         48.03
          5.00       2015.00          6.00         23.00          2.00         10.00         36.13
          5.00       2017.00          9.00         11.00         14.00          7.00         27.61
          5.00       2018.00          3.00         26.00         22.00         54.00         44.11
          5.00       2019.00         10.00          5.00          1.00         42.00         44.26
          5.00       2019.00         11.00         11.00          1.00         29.00          9.64
          6.00       2006.00          3.00         25.00         13.00         39.00         42.79
          6.00       2016.00          6.00         30.00          2.00         23.00         55.26