2005  10  24   0   0   0
2006   1   3   0   0   0
2006   4  11   0   0   0
2006   4  27   0   0   0
2006   5  19   0   0   0
2006   6  11   0   0   0
2006  12   7   0   0   0
2007   1   3   0   0   0
2007   3  10   0   0   0
2007   5  14   0   0   0
2007   9  16   0   0   0
2007  11   6   0   0   0
2008   1   1   0   0   0
2008   3  24   0   0   0
2008   6  26   0   0   0
2008   8   7   0   0   0
2008   9  16   0   0   0
2009   3  14   0   0   0
2009   4  23   0   0   0
2009   6  29   0   0   0
2009  10  25   0   0   0
2010   2   5   0   0   0
2010   3  23   0   0   0
2010   5   6   0   0   0
2010  10   8   0   0   0
2011   1   4   0   0   0
2011   2  16   0   0   0
2011   6   9   0   0   0
2011  11   4   0   0   0
2011  12  31   0   0   0
2012   5   4   0   0   0
2013   3  12   0   0   0
2013   5  13   0   0   0
2013   9  16   0   0   0
2013  11  25   0   0   0
2014   3  14   0   0   0
2014   4  10   0   0   0
2014   6  25   0   0   0
2014   9  15   0   0   0
2014  10  30   0   0   0
2014  11  30   0   0   0
2014  12  31   0   0   0
2015   2  16   0   0   0
2015   4  10   0   0   0
2015  11  22   0   0   0
2016   1   6   0   0   0
2016   3  31   0   0   0
2016   6  29   0   0   0
2016  10   7   0   0   0
2016  12   5   0   0   0
2017   3  27   0   0   0
2017   5  26   0   0   0
2017   7  15   0   0   0
2018   2  18   0   0   0
2018   5  21   0   0   0
2018  10   4   0   0   0
2018  11   9   0   0   0
2019   1   1   0   0   0
2019   2  18   0   0   0
2019   4  16   0   0   0